domain,avg_align,l2,l1,n,r1,r2
readersupportednews.org,-0.9984,0.8215,0.1755,0.0028,2e-04,0
act.weareultraviolet.org,-0.971,0.152,0.848,0,0,0
www.commondreams.org,-0.9673,0.8944,0.0945,0.0108,1e-04,2e-04
www.thenewcivilrightsmovement.com,-0.9643,0.9869,0.0072,0.0059,0,0
jezebel.com,-0.9487,0.9498,0.0473,0.0026,0,3e-04
ringoffireradio.com,-0.9472,0.9861,0.0134,5e-04,0,0
www.thenation.com,-0.9463,0.8956,0.1011,0.003,1e-04,2e-04
www.rightwingwatch.org,-0.9407,0.8874,0.1046,0.006,0.002,0
www.liberalamerica.org,-0.9387,0.9855,0.0145,0,0,0
www.democracynow.org,-0.934,0.9555,0.0401,0.0039,0,4e-04
www.advocate.com,-0.9276,0.9609,0.035,0.0025,5e-04,0.001
crooksandliars.com,-0.9218,0.9145,0.0799,0.0024,0.003,2e-04
www.newnownext.com,-0.9097,0.0648,0.9352,0,0,0
samuel-warde.com,-0.9095,0.9372,0.0628,0,0,0
www.politicususa.com,-0.9037,0.994,0.0055,1e-04,5e-04,0
www.alan.com,-0.9009,0.9275,0.0657,0.0064,4e-04,0
www.occupydemocrats.com,-0.899,0.9928,0.0072,0,0,0
www.dailykos.com,-0.8972,0.9674,0.0291,8e-04,0.0026,0
d.shpg.org,-0.8971,0.8823,0.1161,0.0011,5e-04,0
www.ifyouonlynews.com,-0.8964,0.9322,0.0642,0.0036,0,0
share.credoaction.com,-0.8941,0.9637,0.0349,0.0014,0,1e-04
www.truth-out.org,-0.8937,0.8042,0.1917,0.0037,1e-04,2e-04
aattp.org,-0.8936,0.9486,0.0509,4e-04,1e-04,0
www.theeverlastinggopstoppers.com,-0.8928,0.9458,0.0542,0,0,0
reverbpress.com,-0.8922,0.9404,0.0596,0,0,0
www.addictinginfo.org,-0.8894,0.9392,0.0607,1e-04,0,0
bluenationreview.com,-0.8883,0.9771,0.0226,3e-04,0,0
leftaction.com,-0.8878,0.9979,0.0021,0,0,0
www.lovebscott.com,-0.883,0.9941,0.0059,0,0,0
www.alternet.org,-0.8804,0.8854,0.1049,0.0082,0.0014,1e-04
www.salon.com,-0.8753,0.8951,0.0987,0.0042,0.002,1e-04
www.forwardprogressives.com,-0.8744,0.9836,0.0124,0.0039,1e-04,0
globalgrind.com,-0.8729,0.9076,0.0917,7e-04,0,0
egbertowillies.com,-0.8701,0.9199,0.0801,0,0,0
www.motherjones.com,-0.8663,0.9397,0.052,0.008,2e-04,0
thinkprogress.org,-0.8615,0.9498,0.0485,0.0014,2e-04,0
talkingpointsmemo.com,-0.8614,0.8155,0.1473,0.0109,0.0258,5e-04
madamenoire.com,-0.8568,0.9732,0.0268,0,0,0
www.truthdig.com,-0.8565,0.799,0.1909,0.0091,7e-04,3e-04
ecowatch.com,-0.8554,0.727,0.2505,0.0079,0.0147,0
www.rawstory.com,-0.8534,0.8366,0.1598,0.0022,0.0011,3e-04
www.sanders.senate.gov,-0.8528,0.8903,0.1097,0,0,0
mediamatters.org,-0.8509,0.913,0.0675,0.0038,0.011,0.0047
www.lgbtqnation.com,-0.8501,0.9272,0.0724,4e-04,0,0
grist.org,-0.8452,0.8697,0.1254,0.0049,0,0
billmoyers.com,-0.839,0.9448,0.0549,4e-04,0,0
thegrio.com,-0.8326,0.9113,0.0886,1e-04,0,0
www.nationofchange.org,-0.8262,0.6131,0.3814,0.0055,0,0
www.msnbc.com,-0.8102,0.894,0.0762,0.0089,0.0178,0.003
www.upworthy.com,-0.8097,0.6771,0.3165,0.0064,0,0
www.barackobama.com,-0.8077,0.988,0.0114,0,6e-04,0
electronicintifada.net,-0.8074,0.6126,0.3827,0.0043,5e-04,0
newsone.com,-0.7794,0.7554,0.2393,0.0049,3e-04,1e-04
www.theroot.com,-0.7792,0.8379,0.1552,0.0067,1e-04,2e-04
www.tytnetwork.com,-0.7785,0.5193,0.4767,0.0036,4e-04,0
boingboing.net,-0.7779,0.6098,0.356,0.0319,0.0012,0.0011
blackamericaweb.com,-0.7772,0.9077,0.0796,0.0122,5e-04,0
gawker.com,-0.7749,0.7067,0.251,0.0395,0.002,8e-04
www.attn.com,-0.7747,0.4775,0.522,0,5e-04,0
nahadaily.com,-0.7746,0.9659,0.0341,0,0,0
www.aclu.org,-0.7686,0.7872,0.1607,0.0485,0.0018,0.0018
www.farrahgray.com,-0.7616,0.633,0.3613,0.0045,8e-04,3e-04
host.madison.com,-0.7585,0.8052,0.1324,0.0306,0.0126,0.0191
www.newyorker.com,-0.7584,0.8642,0.1235,0.0078,0.0043,2e-04
gothamist.com,-0.7415,0.6293,0.1973,0.1701,0.0033,0
america.aljazeera.com,-0.7362,0.6974,0.2804,0.02,0.0018,4e-04
mondoweiss.net,-0.7135,0.4727,0.5067,0.0184,0.0019,3e-04
mic.com,-0.7083,0.731,0.2392,0.0262,0.0034,2e-04
atlantablackstar.com,-0.7055,0.4158,0.5792,0.0047,0,3e-04
www.worldstarhiphop.com,-0.7047,0.4041,0.5942,0.001,6e-04,0
www.takepart.com,-0.7045,0.6588,0.3134,0.0267,0.001,0
app.actionsprout.com,-0.6993,0.5989,0.3427,0.0102,0.0338,0.0144
thecolbertreport.cc.com,-0.6937,0.6752,0.2911,0.0325,0.0012,0
indiancountrytodaymedianetwork.com,-0.692,0.3031,0.6836,0.013,0,3e-04
www.slate.com,-0.6813,0.6183,0.3083,0.0606,0.0112,0.0016
firstlook.org,-0.6805,0.4541,0.4526,0.0916,0.0018,0
thedailyshow.cc.com,-0.6704,0.6918,0.2423,0.0452,0.0203,5e-04
www.newrepublic.com,-0.6695,0.7501,0.1501,0.0946,0.0041,0.0011
news.kron4.com,-0.6604,0.3254,0.6199,0.0534,6e-04,7e-04
www.vox.com,-0.6591,0.5967,0.3334,0.0494,0.0198,7e-04
secure.nrdconline.org,-0.6553,0.3558,0.5217,0.086,0.0366,0
www.middleeastmonitor.com,-0.6544,0.2207,0.7376,0.0363,0.004,0.0013
www.rollingstone.com,-0.6487,0.5395,0.4189,0.0364,0.0052,1e-04
secure3.convio.net,-0.6422,0.2187,0.3215,0.3904,0.068,0.0014
www.vice.com,-0.6267,0.2262,0.7134,0.042,0.0178,6e-04
io9.com,-0.6232,0.2943,0.6491,0.0554,5e-04,8e-04
www.huffingtonpost.com,-0.6176,0.3618,0.3306,0.2914,0.0149,0.0013
www.npr.org,-0.6103,0.4501,0.4682,0.0732,0.0081,3e-04
www.trueactivist.com,-0.6032,0.0135,0.2341,0.0566,0.6958,0
www.thepetitionsite.com,-0.6,0.4272,0.4916,0.0688,0.0094,0.003
www.dailydot.com,-0.5961,0.2917,0.6939,0.0138,4e-04,2e-04
www.aljazeera.com,-0.5895,0.3394,0.5653,0.0828,0.0116,9e-04
www.student-debt-forgiveness.com,-0.5858,0.054,0.8958,0.0496,0,6e-04
www.sfgate.com,-0.581,0.4248,0.4295,0.0788,0.0545,0.0125
www.theguardian.com,-0.5723,0.485,0.3601,0.123,0.0294,0.0025
pix11.com,-0.5719,0.1315,0.5237,0.1324,0.212,4e-04
battleforthenet.com,-0.5612,0,1,0,0,0
alternativemediasyndicate.com,-0.5579,0.0859,0.8821,0.032,0,0
countercurrentnews.com,-0.556,0.071,0.8636,0.0625,0.003,0
www.theonion.com,-0.5516,0.1887,0.7312,0.0794,5e-04,1e-04
www.nytimes.com,-0.5469,0.4281,0.3689,0.1255,0.0749,0.0027
www.theatlantic.com,-0.5424,0.3608,0.5057,0.1155,0.0163,0.0018
www.pbs.org,-0.5393,0.1467,0.7293,0.0753,0.0464,0.0022
www.whitehouse.gov,-0.5325,0.4957,0.3248,0.1266,0.0499,0.003
hemp.org,-0.5268,0.0888,0.8613,0.0483,0.0015,0
www.buzzfeed.com,-0.5242,0.2537,0.4295,0.2777,0.0337,0.0054
www.hightimes.com,-0.5232,0.0148,0.957,0.0279,3e-04,0
fivethirtyeight.com,-0.5225,0.7152,0.218,0.061,0.0052,7e-04
www.haaretz.com,-0.504,0.3243,0.4004,0.187,0.0839,0.0045
6abc.com,-0.5037,0.0925,0.406,0.4659,0.0349,7e-04
abc7chicago.com,-0.503,0.1239,0.4502,0.3851,0.0389,0.0019
www.nbcbayarea.com,-0.5023,0.2271,0.5329,0.2262,0.0124,0.0013
www.ted.com,-0.4859,0.049,0.8185,0.1234,0.0074,0.0017
www.politifact.com,-0.4802,0.4754,0.431,0.0514,0.0208,0.0213
www.tampabay.com,-0.4745,0.5919,0.2405,0.1056,0.0421,0.0199
qz.com,-0.4713,0.3859,0.4177,0.1855,0.0062,0.0047
earthweareone.com,-0.4698,0.0317,0.946,0.0188,0.0035,0
www.huffingtonpost.ca,-0.469,0.2037,0.1846,0.5069,0.1024,0.0024
www.freep.com,-0.4596,0.2845,0.4516,0.1895,0.0458,0.0286
www.thedailybeast.com,-0.4561,0.2756,0.4463,0.1215,0.1393,0.0173
www.iflscience.com,-0.4537,0.0299,0.9209,0.0491,0,1e-04
uproxx.com,-0.4468,0.1885,0.6115,0.1867,0.0133,0
www.wusa9.com,-0.4447,0.0902,0.5828,0.2755,0.0515,0
www.bostonglobe.com,-0.4446,0.3414,0.3056,0.2657,0.0756,0.0118
www.cleveland.com,-0.4428,0.1802,0.4955,0.2325,0.0826,0.0093
hightimes.com,-0.4301,0,0.9656,0.0344,0,0
www.nbcwashington.com,-0.4291,0.0977,0.4602,0.278,0.1619,0.0021
news.vice.com,-0.4284,0.1333,0.6371,0.2143,0.0139,0.0014
investigations.peta.org,-0.4281,0,1,0,0,0
www.huffingtonpost.co.uk,-0.4205,0.3074,0.2002,0.4776,0.0133,0.0015
huzlers.com,-0.4188,0.001,0.1645,0.8336,0,9e-04
www.presstv.ir,-0.4142,0.1495,0.5204,0.2566,0.0588,0.0147
mashable.com,-0.4106,0.1874,0.387,0.3678,0.0546,0.0032
anonhq.com,-0.4102,5e-04,0.8179,0.1816,0,0
7online.com,-0.4067,0.0751,0.2747,0.6391,0.0093,0.0018
www.jsonline.com,-0.4045,0.5193,0.168,0.1575,0.0622,0.0929
www.wired.com,-0.4027,0.0445,0.6135,0.31,0.0258,0.0061
www.kansascity.com,-0.4023,0.3862,0.3835,0.1385,0.064,0.0279
themindunleashed.org,-0.4008,0.0025,0.8098,0.1877,0,0
www.latimes.com,-0.3995,0.2597,0.4813,0.1613,0.0772,0.0205
filmingcops.com,-0.389,0.0015,0.8157,0.1821,6e-04,1e-04
dailycurrant.com,-0.375,0.1463,0.4309,0.1162,0.3066,0
www.nbcnewyork.com,-0.3704,0.0655,0.5105,0.3652,0.0565,0.0023
www.philly.com,-0.3668,0.2933,0.3064,0.3035,0.0746,0.0221
www.clickondetroit.com,-0.3654,0.0685,0.3284,0.5902,0.0088,0.0041
thefreethoughtproject.com,-0.3618,0.0191,0.7108,0.2692,8e-04,1e-04
www.independent.co.uk,-0.3598,0.1904,0.4933,0.2079,0.0781,0.0304
wgntv.com,-0.3593,0.0427,0.5848,0.2707,0.0994,0.0025
theantimedia.org,-0.3584,0.0032,0.8089,0.1861,0.0017,0
www.local10.com,-0.3545,0.0344,0.2441,0.6994,0.0205,0.0016
www.wxyz.com,-0.3539,0.0662,0.3532,0.5462,0.033,0.0015
www.myfoxdetroit.com,-0.3483,0.058,0.6436,0.2821,0.0144,0.0018
www.change.org,-0.3442,0.2275,0.2548,0.243,0.2301,0.0447
www.myfoxchicago.com,-0.342,0.0185,0.5575,0.4087,0.0131,0.0021
www.miamiherald.com,-0.3418,0.3308,0.4055,0.1951,0.0507,0.018
www.nbcchicago.com,-0.3416,0.1363,0.3201,0.4343,0.0999,0.0094
time.com,-0.3336,0.2594,0.3651,0.2387,0.1072,0.0298
www.bbc.co.uk,-0.3313,0.0784,0.5507,0.336,0.0284,0.0065
www.nbcphiladelphia.com,-0.3285,0.0737,0.5449,0.3026,0.0769,0.0019
www.oregonlive.com,-0.3203,0.1426,0.485,0.1323,0.1775,0.0627
briefly.today,-0.3198,0.0921,0.0142,0.8471,0,0.0465
www.wjla.com,-0.3195,0.0871,0.4446,0.3086,0.1435,0.0162
www.mlive.com,-0.3186,0.1699,0.3374,0.3744,0.1007,0.0176
www.economist.com,-0.3173,0.0623,0.5229,0.3545,0.0585,0.0018
www.chicagotribune.com,-0.3117,0.2086,0.3793,0.2949,0.0893,0.0279
abc7.com,-0.31,0.1301,0.3264,0.4026,0.1345,0.0065
www.stltoday.com,-0.309,0.1738,0.338,0.3954,0.0806,0.0122
www.collective-evolution.com,-0.3014,4e-04,0.2856,0.7061,0.0076,3e-04
gizmodo.com,-0.3002,0.0206,0.6327,0.324,0.0219,8e-04
www.nj.com,-0.2969,0.1198,0.3462,0.4338,0.0884,0.0119
vimeo.com,-0.2916,0.4595,0.1619,0.0934,0.1376,0.1476
www.nbcnews.com,-0.2735,0.0494,0.4467,0.4368,0.0641,0.003
www.newsweek.com,-0.2726,0.2297,0.5144,0.1681,0.0778,0.01
www.cnn.com,-0.2705,0.0372,0.5139,0.3944,0.0452,0.0093
www.patheos.com,-0.2624,0.4381,0.2407,0.1222,0.0532,0.1459
edition.cnn.com,-0.2615,0.0475,0.4382,0.4606,0.05,0.0037
www.businessweek.com,-0.2615,0.16,0.3551,0.3364,0.1224,0.0261
www.bbc.com,-0.2609,0.1099,0.474,0.3527,0.0551,0.0083
www.theverge.com,-0.2609,0.0682,0.4738,0.4438,0.0128,0.0014
yournewswire.com,-0.2572,0.04,0.3849,0.4454,0.1222,0.0075
chicago.cbslocal.com,-0.2568,0.1648,0.1308,0.1721,0.5205,0.0117
www.washingtonpost.com,-0.2568,0.2089,0.3615,0.2132,0.1598,0.0567
money.cnn.com,-0.2565,0.0416,0.4745,0.4516,0.0298,0.0024
elitedaily.com,-0.2558,0.0086,0.1559,0.7929,0.0411,0.0016
www.globalresearch.ca,-0.252,0.0563,0.3456,0.3787,0.2139,0.0054
www.nbclosangeles.com,-0.2456,0.0674,0.448,0.4248,0.0515,0.0082
newjersey.news12.com,-0.2447,0.0542,0.294,0.6268,0.0231,0.0018
www.kgw.com,-0.2359,0.0366,0.4823,0.4621,0.0156,0.0033
m.nydailynews.com,-0.2295,0.1907,0.2693,0.3784,0.1542,0.0074
ktla.com,-0.2287,0.17,0.3056,0.3242,0.1931,0.0072
www.wpxi.com,-0.2221,0.0465,0.2302,0.6782,0.0424,0.0027
www.hlntv.com,-0.2211,0.0061,0.2287,0.7574,0.0069,0.001
twitter.com,-0.2177,0.4426,0.1053,0.1258,0.1201,0.2062
www.nola.com,-0.2175,0.1882,0.3151,0.2893,0.1415,0.066
www.wftv.com,-0.2162,0.0233,0.4287,0.4862,0.0565,0.0053
en.wikipedia.org,-0.2145,0.1241,0.3189,0.3352,0.1607,0.0611
www.nydailynews.com,-0.2139,0.1461,0.3943,0.2983,0.1445,0.0168
www.kctv5.com,-0.2071,0.0252,0.1974,0.6986,0.0709,0.0079
www.people.com,-0.2034,0.017,0.247,0.7051,0.0296,0.0013
bigstory.ap.org,-0.2022,0.3084,0.2015,0.224,0.1324,0.1337
newyork.cbslocal.com,-0.2017,0.0483,0.2296,0.5132,0.1975,0.0114
www.ora.tv,-0.2014,4e-04,0.7156,0.2391,0.0434,0.0015
www.denverpost.com,-0.2012,0.228,0.3503,0.2763,0.1082,0.0372
petitions.whitehouse.gov,-0.2005,0.2485,0.3023,0.1295,0.103,0.2168
www.nbcconnecticut.com,-0.1992,0.0145,0.2984,0.6606,0.0198,0.0067
www.courant.com,-0.1968,0.0346,0.0986,0.7826,0.0689,0.0153
foxbaltimore.com,-0.1907,0.0342,0.4627,0.3849,0.0775,0.0408
www.kirotv.com,-0.1907,0.0225,0.2303,0.6444,0.0969,0.0058
abc11.com,-0.19,0.074,0.3381,0.4908,0.0926,0.0045
www.wcvb.com,-0.185,0.0272,0.3479,0.5806,0.0408,0.0034
theweek.com,-0.1809,0.1754,0.1858,0.273,0.3507,0.0152
pittsburgh.cbslocal.com,-0.1747,0.1059,0.1431,0.6705,0.0564,0.0241
bangordailynews.com,-0.1732,0.1389,0.1918,0.3944,0.236,0.039
www.azcentral.com,-0.1731,0.2588,0.2675,0.2794,0.1725,0.0218
www.wfsb.com,-0.1726,0.0205,0.4086,0.5298,0.0386,0.0026
fox8.com,-0.1676,0.0172,0.2584,0.6883,0.0338,0.0024
www.today.com,-0.1668,0.0064,0.2203,0.7328,0.0387,0.0019
www.komonews.com,-0.1643,0.0394,0.2861,0.5702,0.096,0.0083
sacramento.cbslocal.com,-0.1622,0.0574,0.3573,0.4637,0.0942,0.0274
abcnews.go.com,-0.1605,0.0505,0.2642,0.5222,0.1082,0.0548
www.bloomberg.com,-0.1565,0.1124,0.2377,0.3086,0.223,0.1183
www.kmov.com,-0.1538,0.0599,0.2601,0.5578,0.1144,0.0079
www.foreignpolicy.com,-0.1516,0.054,0.3584,0.5113,0.0533,0.023
topinfopost.com,-0.1502,0.0073,0.6837,0.2701,0.0347,0.0043
rt.com,-0.1488,0.0157,0.3891,0.5164,0.075,0.0037
www.ibtimes.com,-0.1405,0.1825,0.351,0.2039,0.2177,0.0448
fox2now.com,-0.1395,0.0127,0.2088,0.652,0.126,4e-04
www.politico.com,-0.1334,0.1215,0.2799,0.2149,0.2573,0.1264
www.mediaite.com,-0.1326,0.174,0.2657,0.1785,0.2062,0.1757
www.baltimoresun.com,-0.1321,0.0959,0.3362,0.2029,0.3162,0.0488
www.cbsnews.com,-0.127,0.1373,0.2552,0.4506,0.1309,0.0259
www.myfoxtwincities.com,-0.1171,0.0331,0.2195,0.6817,0.0624,0.0034
www.nbcsandiego.com,-0.1038,0.0211,0.2682,0.6178,0.0858,0.0072
www.ksdk.com,-0.1001,0.0413,0.1456,0.7159,0.0904,0.0068
www.10tv.com,-0.0984,0.0203,0.2057,0.693,0.0744,0.0065
www.wfmz.com,-0.0973,0.0257,0.1756,0.6908,0.1002,0.0078
www.reuters.com,-0.0945,0.0973,0.2818,0.3729,0.1829,0.0652
fox6now.com,-0.0939,0.0254,0.216,0.6701,0.0815,0.0071
www.wsbtv.com,-0.0872,0.0247,0.2159,0.5769,0.1715,0.011
www.msn.com,-0.084,0.0184,0.2891,0.5583,0.1244,0.0098
blogs.wsj.com,-0.0746,0.1248,0.195,0.2316,0.404,0.0445
wtvr.com,-0.0734,0.0691,0.153,0.7082,0.0661,0.0037
www.myfoxny.com,-0.0713,0.0157,0.3312,0.5468,0.0783,0.028
www.kptv.com,-0.0685,0.0064,0.1604,0.8088,0.0237,7e-04
www.wral.com,-0.0685,0.1767,0.2693,0.3081,0.2208,0.0251
www.usatoday.com,-0.0635,0.0803,0.2209,0.515,0.165,0.0188
www.silive.com,-0.0627,0.0581,0.1643,0.5826,0.1877,0.0073
news.msn.com,-0.0623,0.0129,0.2379,0.6027,0.144,0.0025
www.businessinsider.com,-0.0585,0.0562,0.2693,0.4515,0.144,0.0789
worldtruth.tv,-0.0491,0.001,0.0986,0.8306,0.0697,1e-04
www.brainfall.com,-0.0483,5e-04,5e-04,0.56,0.439,0
gma.yahoo.com,-0.0472,0.0146,0.1902,0.6248,0.1653,0.0051
www.c-span.org,-0.0442,0.1102,0.3374,0.2087,0.2203,0.1234
www.usnews.com,-0.0392,0.0825,0.2029,0.1388,0.2019,0.3739
kxan.com,-0.039,0.0608,0.1202,0.6763,0.1316,0.0112
www.jrn.com,-0.0377,0.0369,0.141,0.5534,0.2397,0.0291
wnep.com,-0.0328,0.0125,0.1014,0.7843,0.0988,0.003
www.9news.com,-0.032,0.0332,0.1355,0.6571,0.16,0.0143
www.wbaltv.com,-0.0221,0.034,0.2902,0.5514,0.1086,0.0159
myfox8.com,-0.021,0.0073,0.1739,0.5759,0.2397,0.0032
empirenews.net,-0.0158,0.0651,0.0697,0.2359,0.6291,1e-04
q13fox.com,-0.0132,0.0114,0.1315,0.7234,0.1253,0.0083
www.thedenverchannel.com,-0.012,0.0429,0.1817,0.5704,0.1911,0.0139
www.policestateusa.com,-0.0106,0.1203,0.028,0.7885,0.062,0.0011
patch.com,-0.0102,0.0325,0.1333,0.6676,0.1421,0.0245
en.what-character-are-you.com,-0.009,0,0.0102,0.9898,0,0
www.wtsp.com,-0.0038,0.028,0.306,0.5243,0.1213,0.0205
www.whio.com,-0.0029,0.0104,0.1408,0.6881,0.1502,0.0105
www.quizony.com,-0.0018,0.2098,0.1305,0.053,0.0876,0.5191
www.al.com,0.009,0.0999,0.1739,0.2678,0.4035,0.0549
abc13.com,0.0097,0.0283,0.1498,0.6534,0.1644,0.0041
www.aol.com,0.0133,0.1762,0.2883,0.3116,0.1765,0.0474
www.nationaljournal.com,0.0191,0.1802,0.1557,0.2037,0.2025,0.2579
fox59.com,0.0195,0.0108,0.1185,0.6819,0.1829,0.0059
kdvr.com,0.0225,0.0411,0.1847,0.6127,0.1492,0.0124
www.ibtimes.co.uk,0.0264,0.0672,0.3565,0.1594,0.3504,0.0665
www.telegraph.co.uk,0.0269,0.0449,0.2161,0.3433,0.323,0.0728
www.amazon.com,0.0362,0.1249,0.1045,0.3318,0.2043,0.2345
www.wfla.com,0.041,0.006,0.0931,0.6402,0.2525,0.0082
www.azfamily.com,0.0439,0.0201,0.1375,0.5371,0.2922,0.0131
fox4kc.com,0.0444,0.0089,0.1016,0.795,0.0925,0.002
news.yahoo.com,0.0493,0.026,0.2373,0.4892,0.2168,0.0308
www.cnbc.com,0.0503,0.0662,0.1803,0.5125,0.1776,0.0635
fox13now.com,0.0538,0.0139,0.1027,0.6975,0.1551,0.0308
www.forbes.com,0.0563,0.2931,0.1552,0.2036,0.2153,0.1327
www.baynews9.com,0.0586,0.033,0.1161,0.4403,0.3937,0.0169
www.valleycentral.com,0.0592,0.0404,0.1963,0.4897,0.2274,0.0463
www.youtube.com,0.0634,0.1533,0.2184,0.1947,0.2606,0.173
www.secretsofthefed.com,0.0666,0.01,0.0374,0.7975,0.0789,0.0763
www.11alive.com,0.0686,0.0088,0.1699,0.5958,0.2211,0.0043
finance.yahoo.com,0.0777,0.0192,0.2044,0.452,0.291,0.0333
www.myfoxal.com,0.0788,0.022,0.1066,0.3927,0.4735,0.0052
www.inquisitr.com,0.0977,0.083,0.1943,0.1818,0.5026,0.0384
www.wmur.com,0.098,0.0767,0.0543,0.7367,0.1209,0.0113
www.koco.com,0.1027,0.0216,0.0814,0.3404,0.5495,0.007
m.youtube.com,0.105,0.1045,0.3193,0.1477,0.2203,0.2082
scgnews.com,0.1063,0.0021,0.104,0.8363,0.0576,0
kfor.com,0.1097,0.046,0.046,0.494,0.408,0.0061
www.wsfa.com,0.1107,0.0189,0.1382,0.419,0.4082,0.0157
nationalreport.net,0.1168,0.2179,0.0656,0.4874,0.1648,0.0642
www.khou.com,0.1182,0.0173,0.0795,0.594,0.2956,0.0135
www.wfaa.com,0.1198,0.0148,0.047,0.5906,0.3393,0.0082
www.nbcdfw.com,0.1204,0.0383,0.0292,0.646,0.2559,0.0305
www.okcfox.com,0.1296,0.0248,0.1147,0.4955,0.3442,0.0209
www.click2houston.com,0.1329,0.0263,0.1694,0.4954,0.2393,0.0696
www.news9.com,0.1417,0.0133,0.1824,0.441,0.3475,0.0159
www.myfoxtampabay.com,0.1475,0.0262,0.0718,0.6636,0.229,0.0095
www.myfoxdfw.com,0.1633,0.057,0.0983,0.4965,0.3298,0.0183
thehill.com,0.1661,0.1358,0.1426,0.1613,0.3789,0.1813
www.firstcoastnews.com,0.1755,0.0038,0.1102,0.4629,0.4129,0.0101
latino.foxnews.com,0.2312,0.0164,0.0558,0.1035,0.7015,0.1228
www.fox10phoenix.com,0.2386,0.009,0.1008,0.5047,0.369,0.0165
nypost.com,0.2497,0.0115,0.1175,0.2374,0.5029,0.1306
whnt.com,0.265,6e-04,0.017,0.1612,0.8152,0.006
www.opposingviews.com,0.2685,0.0115,0.0104,0.216,0.7617,4e-04
www.wsj.com,0.2754,0.0101,0.1253,0.1632,0.6209,0.0805
online.wsj.com,0.2764,0.0171,0.1282,0.2796,0.3487,0.2263
www.dailymail.co.uk,0.286,0.0747,0.1254,0.2482,0.4025,0.1491
www.quiznatic.com,0.2979,0.0656,0.0111,0.1108,0.7307,0.0818
www.liveleak.com,0.3231,0.0289,0.0853,0.2843,0.4209,0.1806
www.foxcarolina.com,0.3233,0.0119,0.028,0.3652,0.5698,0.0252
washington.cbslocal.com,0.3279,0.0311,0.0295,0.1414,0.4899,0.3081
www.ynetnews.com,0.3335,0.0229,0.146,0.3353,0.4418,0.0539
www.navytimes.com,0.3365,0,0.0017,0.3005,0.6945,0.0032
reason.com,0.3502,0.0091,0.0378,0.2825,0.5811,0.0895
www.stripes.com,0.3658,0.0027,0.0116,0.2253,0.7375,0.023
www.timesofisrael.com,0.3685,0.0125,0.044,0.3475,0.5743,0.0218
www.examiner.com,0.3807,0.0909,0.0415,0.2467,0.2679,0.353
warrior.scout.com,0.3947,0,8e-04,0.0553,0.9408,0.0031
www.military.com,0.4081,0.0091,0.0033,0.2139,0.7588,0.0148
www.jpost.com,0.4149,0.0036,0.0311,0.2302,0.6856,0.0495
www.armytimes.com,0.4171,1e-04,0.0039,0.1808,0.8134,0.0018
www.voicesofliberty.com,0.4358,2e-04,4e-04,0.2866,0.7086,0.0041
www.algemeiner.com,0.4456,0,0.0084,0.4891,0.4591,0.0433
www.militarytimes.com,0.4459,2e-04,0.001,0.2094,0.7838,0.0055
popularmilitary.com,0.4461,0,0.0033,0.1239,0.8612,0.0116
www.zerohedge.com,0.4721,0.0032,0.0218,0.2158,0.5655,0.1936
www.naturalnews.com,0.4837,7e-04,4e-04,0.3101,0.6812,0.0077
benswann.com,0.4846,0.001,0.0287,0.2702,0.6719,0.0283
www.policeone.com,0.5063,2e-04,3e-04,0.0382,0.9591,0.0022
virtualjerusalem.com,0.512,0,0.0049,0.073,0.8998,0.0224
www.duffelblog.com,0.5205,4e-04,3e-04,0.0662,0.9263,0.0068
www.catholicnewsagency.com,0.5209,3e-04,0.0293,0.2101,0.7088,0.0515
www.marinecorpstimes.com,0.5372,3e-04,5e-04,0.0689,0.9252,0.0052
healthimpactnews.com,0.5548,0,6e-04,0.0831,0.912,0.0043
www.jewishpress.com,0.5559,0.0014,0.0077,0.1672,0.6922,0.1315
unitedwithisrael.org,0.5564,1e-04,5e-04,0.0445,0.9497,0.0052
hosted.ap.org,0.5827,0.0202,0.0151,0.0785,0.2666,0.6195
beforeitsnews.com,0.5876,0.0052,0.0638,0.1368,0.6653,0.1289
www.odmp.org,0.5967,3e-04,0.0012,0.0084,0.9779,0.0122
www.funker530.com,0.5984,0,0,0.0022,0.9969,9e-04
www.infowars.com,0.5997,4e-04,0.0076,0.1195,0.8103,0.0622
www.newsiosity.com,0.6111,0,0.0026,0.0574,0.6172,0.3229
www.thepolicewifelifeblog.com,0.6271,0,0,0,1,0
rare.us,0.6386,3e-04,0.0013,0.029,0.8119,0.1574
www.realclearpolitics.com,0.6616,0.0161,0.065,0.0574,0.3529,0.5086
www.christianpost.com,0.6722,0.0039,0.067,0.0468,0.4626,0.4198
www.againstcronycapitalism.org,0.6857,0,2e-04,0.0196,0.9008,0.0795
www.jewsnews.co.il,0.6922,1e-04,3e-04,0.0066,0.8715,0.1215
www.thetruthaboutguns.com,0.6965,0,0.0046,0.0227,0.8515,0.1212
radio.foxnews.com,0.6973,0.0044,0.0147,0.0129,0.3649,0.6031
www.washingtontimes.com,0.6975,0.0049,0.015,0.0267,0.473,0.4805
www.israelvideonetwork.com,0.706,0,2e-04,0.1059,0.8363,0.0576
www.breakingisraelnews.com,0.7086,0,0.0012,0.0101,0.8687,0.12
www.guns.com,0.7536,0.0278,0.0081,0.0164,0.651,0.2966
endtimeheadlines.org,0.7572,0,4e-04,0.0117,0.7654,0.2225
www.israelnationalnews.com,0.7646,6e-04,0.0084,0.0841,0.6565,0.2504
www.newsmax.com,0.7697,0.0062,0.01,0.0708,0.5034,0.4096
bearingarms.com,0.77,0,0,0,0.9525,0.0475
www.foxnews.com,0.7754,0.0011,0.0026,0.0089,0.5328,0.4547
tellmenow.com,0.7818,1e-04,1e-04,0.1245,0.7366,0.1387
controversialtimes.com,0.7836,0,2e-04,0.0327,0.807,0.1601
gunssavelives.net,0.7862,0,0,0.0013,0.8212,0.1775
www.truthandaction.org,0.7952,0,1e-04,8e-04,0.7723,0.2268
www.thenewamerican.com,0.7993,5e-04,0.0027,0.0146,0.6039,0.3783
www.endtime.com,0.8043,0,0,0.0036,0.6801,0.3163
www.dcclothesline.com,0.806,4e-04,3e-04,0.1259,0.4729,0.4006
christiannews.net,0.807,0,0,2e-04,0.7419,0.2579
tacticalshit.com,0.8118,4e-04,0,0.0031,0.6813,0.3152
www.washingtonexaminer.com,0.8124,0.0018,0.0252,0.0152,0.3119,0.646
viralsurvival.com,0.813,0,0,0.0016,0.606,0.3923
next-genpatriots.com,0.8144,3e-04,0,0.0047,0.3244,0.6706
www.thepcmdgazette.com,0.8222,0.1585,0.0017,0.0117,0.4742,0.3539
www.politicalears.com,0.8225,0,1e-04,6e-04,0.5361,0.4632
insider.foxnews.com,0.8239,0,0,0.0035,0.4779,0.5186
800whistleblower.com,0.8268,2e-04,3e-04,0.0038,0.5081,0.4876
washingtonexaminer.com,0.8285,0.0013,0.0018,0.0063,0.3572,0.6333
www.judicialwatch.org,0.8287,0,0,5e-04,0.5471,0.4524
patriotnewswire.com,0.829,0,0,0,0.4544,0.5456
americanoverlook.com,0.8311,0,0,0.0015,0.6537,0.3448
foxnewsinsider.com,0.8334,1e-04,3e-04,3e-04,0.5829,0.4164
video.foxnews.com,0.838,0.001,0.002,0.0158,0.3087,0.6725
www.jihadwatch.org,0.839,0,3e-04,0.008,0.5119,0.4798
truthuncensored.net,0.8463,0,0,0.0085,0.5336,0.4579
threepercenternation.com,0.8465,1e-04,0,0.0013,0.5369,0.4618
prepperchimp.com,0.8496,0,0,6e-04,0.4394,0.56
www.americasfreedomfighters.com,0.8523,0,0,6e-04,0.6225,0.3769
www.teapartycrusaders.com,0.8525,7e-04,5e-04,0.0161,0.3096,0.6731
www.nraila.org,0.8529,0.0018,0,0.0014,0.6561,0.3406
www.nowtheendbegins.com,0.8533,0,0.0046,2e-04,0.4914,0.5038
www.numbersusa.com,0.8549,0,0,8e-04,0.7799,0.2193
legalinsurrection.com,0.8557,0,0,0.0171,0.0935,0.8894
thefederalist.com,0.8559,0,0.1095,0.0157,0.1852,0.6897
www.100percentfedup.com,0.856,0,0,6e-04,0.4212,0.5783
theuspatriot.com,0.8568,0,0,0,0.6038,0.3962
www.barenakedislam.com,0.8589,0,0,0.0106,0.4226,0.5667
madworldnews.com,0.8609,0,0.0019,0.0268,0.4473,0.524
qpolitical.com,0.861,0,0,0.0027,0.3813,0.616
woundedamericanwarrior.com,0.8614,0,0,0.001,0.5539,0.4451
pamelageller.com,0.8632,0,0,3e-04,0.3702,0.6294
www.mrctv.org,0.8636,0,1e-04,3e-04,0.2275,0.7722
personalliberty.com,0.8637,0,2e-04,0.0161,0.6313,0.3524
universalfreepress.com,0.8641,0,0.0015,5e-04,0.4119,0.5861
americannews.com,0.8651,0,0,0,0.4532,0.5468
www.thefederalistpapers.org,0.8659,0,0.0067,2e-04,0.3221,0.671
m.cnsnews.com,0.8665,0,9e-04,0.01,0.3132,0.6759
www.conservativeoutfitters.com,0.8686,0,0,0,0.3583,0.6417
dailycaller.com,0.8697,6e-04,0.0058,0.0087,0.1828,0.8021
shoebat.com,0.8703,0,3e-04,0.0018,0.4355,0.5624
www.charismanews.com,0.871,3e-04,0,0.0019,0.3694,0.6283
www.cruz.senate.gov,0.8733,5e-04,0,6e-04,0.027,0.9719
dcbeacon.com,0.8735,0,0,0.0012,0.264,0.7348
freebeacon.com,0.8778,2e-04,5e-04,0.0015,0.1789,0.819
toprightnews.com,0.8796,0,0,0,0.4225,0.5775
www.truthrevolt.org,0.8805,6e-04,0,0.0318,0.4558,0.5118
rightwingnews.com,0.8824,0,0,0,0.3955,0.6045
dcgazette.com,0.883,0,0,1e-04,0.6104,0.3896
conservativetribune.com,0.8866,0,0,1e-04,0.1305,0.8693
joeforamerica.com,0.8878,0,0,1e-04,0.3923,0.6076
reagancoalition.com,0.8878,0,0,4e-04,0.3484,0.6512
www.theblaze.com,0.8887,0,4e-04,0.0043,0.3091,0.6862
patriotupdate.com,0.8892,0.0012,0,5e-04,0.2774,0.7209
defund.com,0.8898,0,1e-04,0.0186,0.3135,0.6678
www.headlinepolitics.com,0.8898,0,0,1e-04,0.1043,0.8955
www.ijreview.com,0.8901,0,0,2e-04,0.2207,0.7792
allenbwest.com,0.8918,0,0,0,0.4003,0.5997
www.rightwingnews.com,0.8935,0,0,0,0.2111,0.7889
www.libertynews.com,0.8947,0,0,0.0059,0.2888,0.7053
news.investors.com,0.8955,0,0.0015,0.0097,0.2219,0.7668
conservativepost.com,0.8962,0,0,1e-04,0.1449,0.855
newsninja2012.com,0.8971,0,6e-04,0.0396,0.5611,0.3988
cnsnews.com,0.8979,0,0,7e-04,0.1352,0.864
www.westernjournalism.com,0.8991,0,0,1e-04,0.219,0.7808
www.cnsnews.com,0.8994,2e-04,2e-04,0.0018,0.1068,0.891
www.thepoliticalinsider.com,0.8998,0,0,1e-04,0.0989,0.901
www.nationalreview.com,0.9009,5e-04,0.0033,0.0033,0.1678,0.825
nation.foxnews.com,0.9012,4e-04,0,0.0103,0.3154,0.6739
www.wnd.com,0.9013,0,0,3e-04,0.264,0.7357
eaglerising.com,0.9018,0,0,1e-04,0.1366,0.8633
www.theminorityreportblog.com,0.9026,0,4e-04,1e-04,0.1707,0.8288
freedomoutpost.com,0.9042,1e-04,0,0.0019,0.2134,0.7846
www.capitalisminstitute.org,0.9044,0,0,0,0.0234,0.9766
conservativebyte.com,0.9063,0,0,0.0012,0.1732,0.8256
www.weeklystandard.com,0.9074,4e-04,0,0.0231,0.0985,0.8781
nationalprolifealliance.com,0.9108,0,0,0,0.0902,0.9098
www.americanthinker.com,0.9112,3e-04,0,0.0021,0.2326,0.765
pjmedia.com,0.9125,0,3e-04,0.0018,0.1627,0.8353
downtrend.com,0.9136,0,0,1e-04,0.6681,0.3318
www.breitbart.com,0.9136,1e-04,3e-04,0.0052,0.2169,0.7775
www.bizpacreview.com,0.9142,0,0,1e-04,0.1646,0.8352
www.redflagnews.com,0.9163,1e-04,2e-04,0.0058,0.3044,0.6896
newsbusters.org,0.9168,1e-04,0,3e-04,0.0306,0.969
viral.buzz,0.9176,0,0,0,0.0436,0.9564
dailysurge.com,0.9195,0,0,0.0032,0.3281,0.6688
clashdaily.com,0.9218,0,0,0.0022,0.2291,0.7687
liveactionnews.org,0.9228,0,0,0,0.5694,0.4306
hotair.com,0.9247,0,0,0.0031,0.1276,0.8694
www.nrcc.org,0.9257,0,0,0,0.0104,0.9896
townhall.com,0.9263,2e-04,4e-04,9e-04,0.1307,0.8678
aclj.org,0.9268,0,0,1e-04,0.0645,0.9354
www.gop.com,0.9268,0,0,6e-04,0.0224,0.977
therightscoop.com,0.9275,0,7e-04,0.0011,0.2792,0.719
www.frontpagemag.com,0.9284,5e-04,0,0.0031,0.3435,0.6529
sonsoflibertymedia.com,0.9286,0,0,2e-04,0.1663,0.8336
humanevents.com,0.9303,0,0,5e-04,0.2326,0.767
www.conservativeinfidel.com,0.9306,0,2e-04,2e-04,0.1713,0.8283
dailysignal.com,0.9319,0,0,6e-04,0.0347,0.9647
www.tpnn.com,0.9323,0,0,0,0.0198,0.9801
www.caintv.com,0.934,0,0,0,0.0237,0.9762
www.lifesitenews.com,0.9366,0,3e-04,2e-04,0.1266,0.8728
www.dineshdsouza.com,0.937,0,0,0,0.0132,0.9868
twitchy.com,0.9375,0,0.0029,0.001,0.1177,0.8784
barracudabrigade.net,0.9381,0,0,0.0021,0.2317,0.7662
gopthedailydose.com,0.9386,1e-04,0,2e-04,0.1501,0.8496
www.thegatewaypundit.com,0.9389,0,0.0031,0.0074,0.297,0.6925
video.lauraingraham.com,0.9419,0,0,0,0.0673,0.9327
allenwestrepublic.com,0.9423,0,0,0,0.0255,0.9745
www.teaparty.org,0.9423,1e-04,1e-04,0.0011,0.188,0.8108
www.hannity.com,0.9444,0,0,7e-04,0.0113,0.988
ulstermanbooks.com,0.9456,0,0,0,0.0658,0.9342
www.conservativerefocus.com,0.9457,0,0,0.0035,0.5746,0.4219
www.youngcons.com,0.9588,0,0,0,0.2578,0.7422
www.redstate.com,0.9624,2e-04,0,7e-04,0.0685,0.9306
www.lifenews.com,0.9664,0,0,0.0096,0.0989,0.8915
www.glennbeck.com,0.969,0,0,0,0.008,0.992
www.nationalrighttolifenews.org,0.9739,0,0,0,0.0158,0.9842
buzzpo.com,0.976,0,3e-04,0,0.0217,0.9779
youngcons.com,0.9782,0,0,0,0.0872,0.9128
www.rushlimbaugh.com,1.0077,0,0,0,0.0021,0.9979
weaselzippers.us,1.0295,0,2e-04,6e-04,0.13,0.8692
